 drive_date | total_offers | accepts | declines | avg_accepted_fare | avg_hourly | hex_cache_hits | market_rate_hits | dignity_floor_hits 
------------+--------------+---------+----------+-------------------+------------+----------------+------------------+--------------------
 2026-03-21 |           20 |      11 |        9 |             15.63 |      67.37 |              0 |                0 |                  0
 2026-03-20 |           53 |      33 |       20 |             20.53 |      40.53 |              0 |                6 |                 11
 2026-03-18 |           27 |      20 |        7 |             15.01 |      39.58 |              0 |               22 |                  0
 2026-03-17 |           13 |       7 |        6 |             17.49 |      42.17 |              0 |                9 |                  2
 2026-03-15 |           37 |       8 |       29 |             23.97 |      85.71 |              0 |                0 |                  0
 2026-03-14 |           37 |      13 |       24 |             12.15 |      51.94 |              0 |                2 |                  0
(6 rows)

